course "3D Mini Golf" 5
begin_hole
name "Level 1"
tile 1 4 -.5 0 2 .5 0 2 .5 0 -2 -.5 0 -2 0 0 0 0
tee 1 0 0 1.75
cup 1 0 0 -1.75
par 2
end_hole
begin_hole
name "Level 2"
tile 1 4 -1 0 2.5 1 0 2.5 1 0 1.5 -1 0 1.5 0 0 2 0
tile 2 4 -1 0 1.5 1 0 1.5 1 0.5 0.5 -1 0.5 0.5 1 0 3 0
tile 3 4 -1 0.5 0.5 1 0.5 0.5 1 0.5 -0.5 -1 0.5 -0.5 2 0 4 0
tile 4 4 -1 0.5 -0.5 1 0.5 -0.5 1 0 -1.5 -1 0 -1.5 3 0 5 0
tile 5 4 -1 0 -1.5 1 0 -1.5 1 0 -2.5 -1 0 -2.5 4 0 0 0
cup 5 0 0 -2.25
tee 1 -0.75 0 2.25
par 2
end_hole
begin_hole
name "Level 3"
tile  1 4 -2.00 0.3  2.00 -1.40 0.3  2.00 -1.40 0.3  0.50 -2.00 0.3  0.50 0 2 0 0
tile  2 4 -1.40 0.3  2.00 -1.10 0.3  2.00 -1.10 0.3  0.50 -1.40 0.3  0.50 0 3 4 1
tile  3 4 -1.10 0.3  2.00 -0.50 0.3  2.00 -0.50 0.3  0.50 -1.10 0.3  0.50 0 0 0 2
tile  4 4 -1.40 0.3  0.50 -1.10 0.3  0.50 -1.20 0 -0.50 -1.30 0 -0.50 2 0 10 0
tile  5 4 -2.00 0 -1.40 -1.30 0 -1.40 -1.30 0 -2.00 -2.00 0 -2.00 6 8 0 0
tile  6 4 -2.00 0 -1.10 -1.30 0 -1.10 -1.30 0 -1.40 -2.00 0 -1.40 7 9 5 0
tile  7 4 -2.00 0 -0.50 -1.30 0 -0.50 -1.30 0 -1.10 -2.00 0 -1.10 0 10 6 0
tile  8 4 -1.30 0 -1.40 -1.20 0 -1.40 -1.20 0 -2.00 -1.30 0 -2.00 9 11 0 5
tile  9 4 -1.30 0 -1.10 -1.20 0 -1.10 -1.20 0 -1.40 -1.30 0 -1.40 10 12 8 6
tile 10 4 -1.30 0 -0.50 -1.20 0 -0.50 -1.20 0 -1.10 -1.30 0 -1.10 4 13 9 7
tile 11 4 -1.20 0 -1.40 -0.50 0 -1.40 -0.50 0 -2.00 -1.20 0 -2.00 12 0 0 8
tile 12 4 -1.20 0 -1.10 -0.50 0 -1.10 -0.50 0 -1.40 -1.20 0 -1.40 13 14 11 9
tile 13 4 -1.20 0 -0.50 -0.50 0 -0.50 -0.50 0 -1.10 -1.20 0 -1.10 0 0 12 10
tile 14 4 -0.50 0 -1.10  0.50 0.3 -1.20  0.50 0.3 -1.30 -0.50 0 -1.40 0 16 0 12
tile 15 4  0.50 0.3 -1.30  2.00 0.3 -1.30  2.00 0.3 -2.00  0.50 0.3 -2.00 16 0 0 0
tile 16 4  0.50 0.3 -1.20  2.00 0.3 -1.20  2.00 0.3 -1.30  0.50 0.3 -1.30 17 0 15 14
tile 17 4  0.50 0.3 -0.50  2.00 0.3 -0.50  2.00 0.3 -1.20  0.50 0.3 -1.20 0 0 16 0
cup 15 1.75 0.3 -1.75
tee 1 -1.75 0.3  1.75
par 3
end_hole
begin_hole
name "Level 4"
tile 1 5 -2.5 0 2.5 -0.5 0 2.5 -0.5 0 1.5 -1.5 0 0.5 -2.5 0 0.5 0 2 4 7 0
tile 2 4 -0.5 0 2.5 0.5 0 2.5 0.5 0 1.5 -0.5 0 1.5 0 3 5 1
tile 3 5 0.5 0 2.5 2.5 0 2.5 2.5 0 0.5 1.5 0 0.5 0.5 0 1.5 0 0 11 6 2
tile 4 3 -0.5 0 1.5 -0.5 0.5 0.5 -1.5 0 0.5 5 8 1
tile 5 4 -0.5 0 1.5 0.5 0 1.5 0.5 0.5 0.5 -0.5 0.5 0.5 2 6 9 4
tile 6 3 0.5 0 1.5 1.5 0.0 0.5 0.5 0.5 0.5 3 10 5
tile 7 4 -2.5 0 0.5 -1.5 0 0.5 -1.5 0 -0.5 -2.5 0 -0.5 1 8 15 0
tile 8 4 -1.5 0 0.5 -0.5 0.5 0.5 -0.5 0.5 -0.5 -1.5 0 -0.5 4 9 12 7
tile 9 4 -0.5 0.5 0.5 0.5 0.5 0.5 0.5 0.5 -0.5 -0.5 0.5 -0.5 5 10 13 8
tile 10 4 0.5 0.5 0.5 1.5 0 0.5 1.5 0 -0.5 0.5 0.5 -0.5 6 11 14 9
tile 11 4 1.5 0 0.5 2.5 0 0.5 2.5 0 -0.5 1.5 0 -0.5 3 0 17 10
tile 12 3 -1.5 0 -0.5 -0.5 0.5 -0.5 -0.5 0 -1.5 8 13 15
tile 13 4 -0.5 0.5 -0.5 0.5 0.5 -0.5 0.5 0 -1.5 -0.5 0 -1.5 9 14 16 12
tile 14 3 0.5 0.5 -0.5 1.5 0 -0.5 0.5 0 -1.5 10 17 13
tile 15 5 -2.5 0 -0.5 -1.5 0 -0.5 -0.5 0 -1.5 -0.5 0 -2.5 -2.5 0 -2.5 7 12 16 0 0
tile 16 4 -0.5 0 -1.5 0.5 0 -1.5 0.5 0 -2.5 -0.5 0 -2.5 13 17 0 15
tile 17 5 1.5 0 -0.5 2.5 0 -0.5 2.5 0 -2.5 0.5 0 -2.5 0.5 0 -1.5 11 0 0 16 14
cup 9 0 0.5 0
tee 1 -2.25 0 2.0
par 3
end_hole
begin_hole
name "Level 5"
tile 1 4 -1 0 2.0 1 0 2.0 1 0 1.6 -1 0 1.6 0 0 2 0
tile 2 4 -1 0 1.6 1 0 1.6 1 0.2 1.2 -1 0.2 1.2 1 0 3 0
tile 3 4 -1 0.2 1.2 1 0.2 1.2 1 0.2 0.6 -1 0.2 0.6 2 0 4 0
tile 4 4 -1 0.2 0.6 1 0.2 0.6 1 0 0.2 -1 0 0.2 3 0 5 0
tile 5 4 -1 0 0.2 1 0 0.2 1 0 -0.2 -1 0 -0.2 4 0 6 0
tile 6 4 -1 0 -0.2 1 0 -0.2 1 0.2 -0.6 -1 0.2 -0.6 5 0 7 0
tile 7 4 -1 0.2 -0.6 1 0.2 -0.6 1 0.2 -1.2 -1 0.2 -1.2 6 0 8 0
tile 8 4 -1 0.2 -1.2 1 0.2 -1.2 1 0 -1.6 -1 0 -1.6 7 0 9 0
tile 9 4 -1 0 -1.6 1 0 -1.6 1 0 -2.0 -1 0 -2.0 8 0 0 0
tee 1 -0.75 0 1.8
cup 8 0.75 0.1 -1.4
par 2
end_hole

